> summary(d00_scan)
  centroid_x centroid_y  radius events cases    ex  rr  stat     p
1   438936.3   61651.68 96709.9    964   470 321.3 8.7 171.2 0.005

> summary(d10_scan)
  centroid_x centroid_y  radius events cases   ex  rr stat     p
1   437202.7   76102.13 51117.7     97    86 32.3 3.0 69.4 0.005
2   464957.7  212438.59 74902.7    238   149 79.3 2.3 51.4 0.005
3   402024.1  145106.17  4097.6     49    48 16.3 3.1 49.8 0.005
4   366324.9  219229.71 28398.4     26    26  8.7 3.1 29.0 0.005
5   428929.4  133679.63  1265.7     23    21  7.7 2.8 17.4 0.005
6   292465.6  226441.94 26004.3     11    11  3.7 3.0 12.2 0.020

> summary(d20_scan)
  centroid_x centroid_y  radius events cases    ex  rr  stat     p
1   351281.8   191484.4 54640.6    306   257 102.0 4.1 216.9 0.005
2   417941.5   151891.1  1325.9    108    86  36.0 2.7  52.9 0.005
3   421878.3   175148.3  1804.0     14    14   4.7 3.1  15.5 0.005
4   448808.1   198557.2 13704.2     14    14   4.7 3.1  15.5 0.005
5   382964.1   102231.8  2207.1     13    13   4.3 3.1  14.4 0.005
6   481191.1   138532.5  1696.3      9     9   3.0 3.0   9.9 0.080